1111111111D1111D1111111111
10000001888000088810000001
10000008800000000880000001
10000008800000000880000001
10000008800000000880000001
11000708800000007887000011
188888888070000008888888D1
11888888888888888888888811
10000088888888888880000001
10000000088777778887000001
10000000088700078880000001
10000000088700078880000001 
10000000088700078880000701
10000000088700078888888811 
10000000088700078880070011
10000007088700078800000001
11888888888777778870000001
1D888888888888888800000001
11888888880007008880000011
100000078800000088888888D1
10000000880000008888888811 
10000000880000008870000001
10000000880000008800000001
10000000880000008800000001
10000001D10000008800000001
11111111111111111111111111